10000000000
10033333333
10066666666
10099999999
10133333332
10166666665
10199999998
10233333331
10266666664
10299999997
10333333330
10366666663
10399999996
10433333329
10466666662
10499999995
10533333328
10566666661
10599999994
10633333327
10666666660
10699999993
10733333326
10766666659
10799999992
10833333325
10866666658
10899999991
10933333324
10966666657
10999999990
11033333323
11066666656
11099999989
11133333322
11166666655
11199999988
11233333321
11266666654
11299999987
11333333320
11366666653
11399999986
11433333319
11466666652
11499999985
11533333318
11566666651
11599999984
11633333317
11666666650
11699999983
11733333316
11766666649
11799999982
11833333315
11866666648
11899999981
11933333314
11966666647
11999999980
12033333313
12066666646
12099999979
12133333312
12166666645
12199999978
12233333311
12266666644
12299999977
12333333310
12366666643
12399999976
12433333309
12466666642
12499999975
12533333308
12566666641
12599999974
12633333307
12666666640
12699999973
12733333306
12766666639
12799999972
12833333305
12866666638
12899999971
12933333304
12966666637
12999999970
13033333303
13066666636
13099999969
13133333302
13166666635
13199999968
13233333301
13266666634
13299999967
13333333300
13366666633
13399999966
13433333299
13466666632
13499999965
13533333298
13566666631
13599999964
13633333297
13666666630
13699999963
13733333296
13766666629
13799999962
13833333295
13866666628
13899999961
13933333294
13966666627
13999999960
14033333293
14066666626
14099999959
14133333292
14166666625
14199999958
14233333291
14266666624
14299999957
14333333290
14366666623
14399999956
14433333289
14466666622
14499999955
14533333288
14566666621
14599999954
14633333287
14666666620
14699999953
14733333286
14766666619
14799999952
14833333285
14866666618
14899999951
14933333284
14966666617
