10000000000
10033333333
10066666666
10099999999
10133333332
10166666665
10199999998
10233333331
10266666664
10299999997
10333333330
10366666663
10399999996
10433333329
10466666662
10499999995
10533333328
10566666661
10599999994
10633333327
10666666660
10699999993
10733333326
10766666659
10799999992
10833333325
10866666658
10899999991
10933333324
10966666657
10999999990
11033333323
11066666656
11099999989
11133333322
11166666655
11199999988
11233333321
11266666654
11299999987
11333333320
11366666653
